1597.508000 0.000000e+00
1602.508118 0.000000e+00
1607.508190 0.000000e+00
1612.508114 0.000000e+00
1617.508187 0.000000e+00
1622.508318 0.000000e+00
1627.508420 0.000000e+00
1632.508404 0.000000e+00
1637.508388 0.000000e+00
1642.508492 0.000000e+00
1647.508540 0.000000e+00
1652.508559 0.000000e+00
1657.508579 0.000000e+00
1662.508636 0.000000e+00
1667.508665 0.000000e+00
1672.508812 0.000000e+00
1677.508808 0.000000e+00
1682.508807 0.000000e+00
1687.508860 0.000000e+00
1692.509025 0.000000e+00
1697.509148 0.000000e+00
1702.509073 0.000000e+00
1707.508972 0.000000e+00
1712.509026 0.000000e+00
1717.509200 0.000000e+00
1722.509239 0.000000e+00
1727.509333 0.000000e+00
1732.509230 0.000000e+00
1737.509352 0.000000e+00
1742.509453 0.000000e+00
1747.509511 0.000000e+00
1752.509509 0.000000e+00
1757.509546 0.000000e+00
1762.509611 0.000000e+00
1767.509695 0.000000e+00
1772.509672 1.753011e-10
1777.509657 3.175953e-10
1782.509767 0.000000e+00
1787.509884 0.000000e+00
1792.510015 2.441611e-09
1797.509922 4.423305e-09
1802.509977 0.000000e+00
1807.510072 0.000000e+00
1812.510099 3.400750e-08
1817.510199 6.160987e-08
1822.510267 0.000000e+00
1827.510200 0.000000e+00
1832.510273 4.736250e-07
1837.510390 8.580993e-07
1842.510455 0.000000e+00
1847.510371 0.000000e+00
1852.510429 6.597253e-06
1857.510411 1.195198e-05
1862.510617 0.000000e+00
1867.510702 0.000000e+00
1872.510576 9.188828e-05
1877.510683 1.664752e-04
1882.510679 0.000000e+00
1887.510882 0.000000e+00
1892.510815 1.374635e-03
1897.510802 4.881411e-03
1902.510906 6.400514e-03
1907.510919 5.319162e-03
1912.511181 3.968738e-03
1917.511074 3.288463e-03
1922.511080 2.709577e-03
1927.511136 1.943017e-03
1932.511179 1.051822e-03
1937.511287 2.533657e-04
1942.511260 0.000000e+00
1947.511180 0.000000e+00
1952.511418 2.985343e-05
1957.511493 1.642598e-05
1962.511495 0.000000e+00
1967.511516 0.000000e+00
1972.511507 1.565219e-06
1977.511565 1.320286e-07
1982.511648 1.593547e-06
1987.511709 3.611354e-06
1992.511557 0.000000e+00
1997.511748 0.000000e+00
2002.511795 3.016440e-05
2007.511961 5.469952e-05
2012.511909 0.000000e+00
2017.511906 0.000000e+00
2022.511921 4.662738e-04
2027.512077 1.993542e-03
2032.512193 3.856276e-03
2037.512084 5.385344e-03
2042.512191 5.827286e-03
2047.512179 5.267974e-03
2052.512340 4.612588e-03
2057.512338 4.215128e-03
2062.512470 3.848552e-03
2067.512400 3.418407e-03
2072.512433 2.986382e-03
2077.512554 2.576450e-03
2082.512753 2.168820e-03
2087.512529 1.762183e-03
2092.512689 1.373990e-03
2097.512735 9.855940e-04
2102.512826 5.468582e-04
2107.512790 1.337058e-04
2112.512790 0.000000e+00
2117.512995 0.000000e+00
2122.512900 1.581821e-05
2127.513012 8.731336e-06
2132.512997 0.000000e+00
2137.513029 0.000000e+00
2142.513116 1.135698e-06
2147.513266 6.268841e-07
2152.513318 0.000000e+00
2157.513279 0.000000e+00
2162.513163 8.153533e-08
2167.513336 4.500810e-08
2172.513463 0.000000e+00
2177.513561 0.000000e+00
2182.513471 5.853974e-09
2187.513390 3.231437e-09
2192.513522 0.000000e+00
2197.513711 0.000000e+00
2202.513802 4.203169e-10
2207.513638 2.320065e-10
2212.513611 0.000000e+00
2217.513753 0.000000e+00
2222.513727 0.000000e+00
2227.513751 0.000000e+00
2232.513859 0.000000e+00
2237.513901 0.000000e+00
2242.514103 0.000000e+00
2247.514126 0.000000e+00
2252.514010 0.000000e+00
2257.513985 0.000000e+00
2262.514289 0.000000e+00
2267.514200 0.000000e+00
2272.514146 0.000000e+00
2277.514176 0.000000e+00
2282.514343 0.000000e+00
2287.514304 0.000000e+00
2292.514506 0.000000e+00
2297.514609 0.000000e+00
2302.514469 0.000000e+00
2307.514540 0.000000e+00
2312.514481 0.000000e+00
2317.514755 0.000000e+00
2322.514617 0.000000e+00
2327.514532 0.000000e+00
2332.514770 0.000000e+00
2337.514785 0.000000e+00
2342.515054 0.000000e+00
2347.514823 0.000000e+00
2352.514778 0.000000e+00
2357.514786 0.000000e+00
2362.515129 0.000000e+00
2367.515257 0.000000e+00
2372.515031 0.000000e+00
2377.515161 0.000000e+00
2382.515092 0.000000e+00
2387.515117 0.000000e+00
2392.515318 0.000000e+00
2397.515350 0.000000e+00
2402.515297 0.000000e+00
2407.515242 0.000000e+00
2412.515495 0.000000e+00
2417.515488 0.000000e+00
2422.515531 0.000000e+00
2427.515495 0.000000e+00
2432.515696 0.000000e+00
2437.515561 0.000000e+00
2442.515633 0.000000e+00
2447.515561 0.000000e+00
2452.515896 0.000000e+00
2457.515836 0.000000e+00
2462.515935 0.000000e+00
2467.515841 0.000000e+00
2472.516115 0.000000e+00
2477.515949 0.000000e+00
2482.516138 0.000000e+00
2487.516100 0.000000e+00
2492.516177 0.000000e+00
2497.516247 0.000000e+00
2502.516190 0.000000e+00
2507.516356 0.000000e+00
2512.516154 0.000000e+00
2517.516410 0.000000e+00
2522.516294 0.000000e+00
2527.516404 0.000000e+00
2532.516381 0.000000e+00
2537.516592 0.000000e+00
2542.516677 0.000000e+00
2547.516519 0.000000e+00
2552.516488 0.000000e+00
2557.516715 0.000000e+00
2562.516841 0.000000e+00
2567.516749 0.000000e+00
2572.516819 0.000000e+00
2577.516939 0.000000e+00
2582.516996 0.000000e+00
2587.516876 0.000000e+00
2592.516969 0.000000e+00
2597.517164 0.000000e+00
2602.517096 0.000000e+00
2607.517163 0.000000e+00
2612.517253 0.000000e+00
2617.517256 0.000000e+00
2622.517320 0.000000e+00
2627.517335 0.000000e+00
2632.517452 0.000000e+00
2637.517301 0.000000e+00
2642.517558 0.000000e+00
2647.517329 0.000000e+00
2652.517557 0.000000e+00
2657.517611 0.000000e+00
2662.517380 0.000000e+00
2667.517558 0.000000e+00
2672.517774 0.000000e+00
2677.517653 0.000000e+00
2682.517628 0.000000e+00
2687.517593 0.000000e+00
2692.517717 0.000000e+00
2697.517896 0.000000e+00
2702.518029 0.000000e+00
2707.518010 0.000000e+00
2712.518012 0.000000e+00
2717.517932 0.000000e+00
2722.517945 0.000000e+00
2727.517951 0.000000e+00
2732.518127 0.000000e+00
2737.518094 0.000000e+00
2742.518312 0.000000e+00
2747.518402 0.000000e+00
2752.518261 0.000000e+00
2757.518358 0.000000e+00
2762.518311 0.000000e+00
2767.518593 0.000000e+00
2772.518532 0.000000e+00
2777.518606 0.000000e+00
2782.518719 0.000000e+00
2787.518772 0.000000e+00
2792.518669 0.000000e+00
2797.518898 0.000000e+00
2802.518777 0.000000e+00
2807.518798 0.000000e+00
2812.518867 0.000000e+00
2817.518887 0.000000e+00
2822.518765 0.000000e+00
2827.519004 0.000000e+00
2832.518910 0.000000e+00
2837.518992 0.000000e+00
2842.519156 0.000000e+00
2847.519310 0.000000e+00
2852.519362 0.000000e+00
2857.519217 0.000000e+00
2862.519396 0.000000e+00
2867.519192 0.000000e+00
2872.519440 0.000000e+00
2877.519430 0.000000e+00
2882.519382 0.000000e+00
2887.519516 0.000000e+00
2892.519430 0.000000e+00
2897.519662 0.000000e+00
2902.519492 0.000000e+00
2907.519462 0.000000e+00
2912.519803 0.000000e+00
2917.519789 0.000000e+00
2922.519649 0.000000e+00
2927.519616 0.000000e+00
2932.519924 0.000000e+00
2937.519843 0.000000e+00
2942.519930 0.000000e+00
2947.520101 0.000000e+00
2952.519941 0.000000e+00
2957.520018 0.000000e+00
2962.520248 0.000000e+00
2967.520216 0.000000e+00
2972.520165 0.000000e+00
2977.520009 0.000000e+00
2982.520330 0.000000e+00
2987.520379 0.000000e+00
2992.520403 0.000000e+00
2997.520318 0.000000e+00
3002.520379 0.000000e+00
3007.520502 0.000000e+00
3012.520604 0.000000e+00
3017.520261 0.000000e+00
3022.520757 0.000000e+00
3027.520641 0.000000e+00
3032.520516 0.000000e+00
3037.520992 0.000000e+00
3042.520603 0.000000e+00
3047.520653 0.000000e+00
3052.520716 0.000000e+00
3057.521063 0.000000e+00
3062.520910 0.000000e+00
3067.520880 0.000000e+00
3072.521247 0.000000e+00
3077.520868 0.000000e+00
3082.521084 0.000000e+00
3087.521106 0.000000e+00
3092.520851 0.000000e+00
3097.520960 0.000000e+00
3102.521357 0.000000e+00
3107.521241 0.000000e+00
3112.521256 0.000000e+00
3117.521326 0.000000e+00
3122.521375 0.000000e+00
3127.521323 0.000000e+00
3132.521094 0.000000e+00
3137.521347 0.000000e+00
3142.521270 0.000000e+00
3147.521526 0.000000e+00
3152.521669 0.000000e+00
3157.521997 0.000000e+00
3162.522061 0.000000e+00
3167.522158 0.000000e+00
3172.521836 0.000000e+00
3177.521775 0.000000e+00
3182.521712 0.000000e+00
3187.521764 0.000000e+00
3192.521856 0.000000e+00
3197.521916 0.000000e+00
3202.522062 0.000000e+00
3207.522028 0.000000e+00
3212.522126 0.000000e+00
3217.522285 0.000000e+00
3222.522237 0.000000e+00
3227.522104 0.000000e+00
3232.522007 0.000000e+00
3237.522073 0.000000e+00
3242.522231 0.000000e+00
3247.522409 0.000000e+00
3252.522537 0.000000e+00
3257.522543 0.000000e+00
3262.522754 0.000000e+00
3267.522499 0.000000e+00
3272.522308 0.000000e+00
3277.522513 0.000000e+00
3282.522643 0.000000e+00
3287.522628 0.000000e+00
3292.522803 0.000000e+00
3297.522898 0.000000e+00
3302.523045 0.000000e+00
3307.522971 0.000000e+00
3312.523018 0.000000e+00
3317.522910 0.000000e+00
3322.522786 0.000000e+00
3327.522992 0.000000e+00
3332.522838 0.000000e+00
3337.523089 0.000000e+00
3342.523261 4.904971e-10
3347.523287 8.886115e-10
3352.523309 0.000000e+00
3357.523471 0.000000e+00
3362.523495 6.831744e-09
3367.523314 1.237676e-08
3372.523285 0.000000e+00
3377.523345 0.000000e+00
3382.523428 9.515315e-08
3387.523683 1.723856e-07
3392.523614 0.000000e+00
3397.523586 0.000000e+00
3402.523752 1.325323e-06
3407.523830 2.401028e-06
3412.523754 0.000000e+00
3417.523459 0.000000e+00
3422.523537 1.845922e-05
3427.523707 3.344193e-05
3432.523905 0.000000e+00
3437.524068 0.000000e+00
3442.524131 2.820611e-04
3447.524031 1.139577e-03
3452.524149 2.010203e-03
3457.524424 2.780385e-03
3462.524120 3.664058e-03
3467.523846 4.530283e-03
3472.524217 4.911168e-03
3477.524043 4.842340e-03
3482.524167 4.854246e-03
3487.524301 4.933289e-03
3492.524383 4.550217e-03
3497.524350 4.323485e-03
3502.524601 5.940148e-03
3507.524384 8.752000e-03
3512.524560 9.863124e-03
3517.524606 9.437200e-03
3522.524462 1.065773e-02
3527.524530 1.352239e-02
3532.524753 1.484333e-02
3537.524602 1.446072e-02
3542.524955 1.528315e-02
3547.524812 1.796436e-02
3552.525057 2.081582e-02
3557.524682 2.320615e-02
3562.524575 2.564293e-02
3567.524680 2.817778e-02
3572.524940 3.039244e-02
3577.525055 3.271342e-02
3582.525207 3.638199e-02
3587.525096 4.148387e-02
3592.525388 4.692814e-02
3597.525542 5.195494e-02
3602.525255 5.624879e-02
3607.525197 6.093362e-02
3612.525069 6.844508e-02
3617.525303 7.876510e-02
3622.525352 8.942682e-02
3627.525403 9.939716e-02
3632.525648 1.091813e-01
3637.525533 1.192352e-01
3642.525747 1.299285e-01
3647.525735 1.423009e-01
3652.525439 1.579588e-01
3657.525553 1.760313e-01
3662.525774 1.933171e-01
3667.525792 2.104338e-01
3672.525804 2.317482e-01
3677.525753 2.575653e-01
3682.525838 2.841317e-01
3687.525749 3.115175e-01
3692.526197 3.436799e-01
3697.526361 3.819769e-01
3702.526184 4.250609e-01
3707.525866 4.731207e-01
3712.526127 5.279773e-01
3717.526140 5.914078e-01
3722.526106 6.650186e-01
3727.526494 7.492414e-01
3732.526207 8.433104e-01
3737.526233 9.457639e-01
3742.526522 1.054690e+00
3747.526494 1.172596e+00
3752.526093 1.306271e+00
3757.526324 1.459142e+00
3762.526339 1.631200e+00
3767.526351 1.826494e+00
3772.526574 2.053006e+00
3777.526689 2.312707e+00
3782.526641 2.601635e+00
3787.526917 2.921616e+00
3792.526924 3.280444e+00
3797.526881 3.684072e+00
3802.526734 4.136476e+00
3807.526701 4.641607e+00
3812.526734 5.203347e+00
3817.527052 5.819751e+00
3822.527060 6.483138e+00
3827.526976 7.187661e+00
3832.527301 7.929844e+00
3837.527158 8.712734e+00
3842.527045 9.545958e+00
3847.526912 1.044273e+01
3852.527265 1.141971e+01
3857.527219 1.249112e+01
3862.527281 1.366767e+01
3867.527401 1.493399e+01
3872.527528 1.624768e+01
3877.527613 1.754181e+01
3882.527605 1.872631e+01
3887.527738 1.971631e+01
3892.527677 2.043557e+01
3897.527372 2.086510e+01
3902.527343 2.104430e+01
3907.527543 2.105374e+01
3912.527637 2.101234e+01
3917.527574 2.103260e+01
3922.527883 2.121731e+01
3927.527647 2.162994e+01
3932.527976 2.229364e+01
3937.527952 2.319779e+01
3942.527815 2.429841e+01
3947.527809 2.552383e+01
3952.527886 2.677537e+01
3957.527999 2.794908e+01
3962.528099 2.893857e+01
3967.528139 2.967722e+01
3972.528366 3.014078e+01
3977.528438 3.036106e+01
3982.528603 3.042430e+01
3987.528217 3.042184e+01
3992.528127 3.044654e+01
3997.528287 3.056380e+01
4002.528352 3.081010e+01
4007.528274 3.118945e+01
4012.528307 3.167337e+01
4017.528707 3.220470e+01
4022.528825 3.269869e+01
4027.528610 3.306407e+01
4032.528930 3.320695e+01
4037.528824 3.309473e+01
4042.528550 3.275671e+01
4047.528676 3.223457e+01
4052.528849 3.158107e+01
4057.528717 3.087847e+01
4062.529159 3.023670e+01
4067.528892 2.973621e+01
4072.529112 2.942588e+01
4077.529151 2.933497e+01
4082.528963 2.947330e+01
4087.528816 2.982434e+01
4092.528977 3.034549e+01
4097.529091 3.098289e+01
4102.529111 3.167189e+01
4107.529308 3.233345e+01
4112.529323 3.287563e+01
4117.529427 3.323073e+01
4122.529576 3.335757e+01
4127.529726 3.325469e+01
4132.529513 3.295927e+01
4137.529212 3.251093e+01
4142.529421 3.195125e+01
4147.529455 3.135363e+01
4152.529593 3.082163e+01
4157.529791 3.042615e+01
4162.529681 3.020312e+01
4167.529870 3.016739e+01
4172.529663 3.031355e+01
4177.529668 3.062240e+01
4182.529844 3.106156e+01
4187.529820 3.159175e+01
4192.529882 3.216736e+01
4197.529988 3.274022e+01
4202.530094 3.326068e+01
4207.530159 3.369765e+01
4212.530139 3.403907e+01
4217.529991 3.428297e+01
4222.530342 3.443707e+01
4227.530482 3.451829e+01
4232.530367 3.455346e+01
4237.530291 3.459482e+01
4242.530549 3.471709e+01
4247.530425 3.493779e+01
4252.530553 3.521674e+01
4257.530553 3.552610e+01
4262.530725 3.585232e+01
4267.530684 3.616890e+01
4272.530733 3.643573e+01
4277.530485 3.661250e+01
4282.530587 3.665973e+01
4287.530655 3.655216e+01
4292.530648 3.627962e+01
4297.530524 3.585471e+01
4302.530590 3.531262e+01
4307.530805 3.470030e+01
4312.530781 3.407516e+01
4317.530827 3.348842e+01
4322.530901 3.298457e+01
4327.530613 3.260683e+01
4332.530977 3.239502e+01
4337.530897 3.233603e+01
4342.531038 3.236620e+01
4347.531363 3.247755e+01
4352.531121 3.271775e+01
4357.531338 3.308331e+01
4362.531262 3.351753e+01
4367.531569 3.397136e+01
4372.531504 3.440578e+01
4377.531384 3.478465e+01
4382.531170 3.507454e+01
4387.531545 3.525426e+01
4392.531387 3.531522e+01
4397.531743 3.526204e+01
4402.531484 3.511222e+01
4407.531664 3.488738e+01
4412.531514 3.461278e+01
4417.531726 3.431575e+01
4422.531530 3.402518e+01
4427.531621 3.376197e+01
4432.531594 3.353876e+01
4437.531778 3.336075e+01
4442.531766 3.322570e+01
4447.531892 3.312228e+01
4452.532116 3.303065e+01
4457.532029 3.293653e+01
4462.531965 3.283146e+01
4467.532261 3.270501e+01
4472.531755 3.254496e+01
4477.531909 3.234840e+01
4482.531935 3.212183e+01
4487.532175 3.187232e+01
4492.532212 3.160723e+01
4497.532387 3.133824e+01
4502.532285 3.108117e+01
4507.532628 3.084930e+01
4512.532618 3.065318e+01
4517.532215 3.050269e+01
4522.532533 3.040635e+01
4527.532384 3.035554e+01
4532.532501 3.032638e+01
4537.532461 3.033742e+01
4542.532614 3.044738e+01
4547.532538 3.064753e+01
4552.532971 3.086150e+01
4557.532712 3.105048e+01
4562.532892 3.121592e+01
4567.532695 3.135467e+01
4572.532866 3.145754e+01
4577.532586 3.152308e+01
4582.532998 3.155760e+01
4587.532885 3.156389e+01
4592.533001 3.154100e+01
4597.533312 3.149296e+01
4602.532986 3.142876e+01
4607.533181 3.135286e+01
4612.533066 3.126511e+01
4617.533002 3.116757e+01
4622.533358 3.106520e+01
4627.533295 3.097380e+01
4632.533582 3.091709e+01
4637.533379 3.085350e+01
4642.533456 3.068033e+01
4647.533375 3.039725e+01
4652.533507 3.010646e+01
4657.533817 2.985163e+01
4662.533457 2.961373e+01
4667.533614 2.938234e+01
4672.533847 2.915821e+01
4677.533712 2.894096e+01
4682.533582 2.872857e+01
4687.533838 2.851814e+01
4692.534032 2.830587e+01
4697.534131 2.808744e+01
4702.534100 2.785794e+01
4707.533904 2.761058e+01
4712.533925 2.733705e+01
4717.534131 2.703605e+01
4722.533650 2.671292e+01
4727.534125 2.636005e+01
4732.534264 2.595905e+01
4737.534455 2.554905e+01
4742.534242 2.522345e+01
4747.534435 2.499049e+01
4752.534154 2.477320e+01
4757.534214 2.454756e+01
4762.534584 2.434563e+01
4767.534378 2.418393e+01
4772.534415 2.406113e+01
4777.534664 2.397819e+01
4782.534234 2.393886e+01
4787.534810 2.393968e+01
4792.534639 2.396987e+01
4797.534549 2.401793e+01
4802.534508 2.407192e+01
4807.534482 2.412005e+01
4812.534441 2.415019e+01
4817.534786 2.414020e+01
4822.535051 2.405799e+01
4827.534765 2.387301e+01
4832.535209 2.355699e+01
4837.535036 2.308906e+01
4842.535092 2.245571e+01
4847.534903 2.164373e+01
4852.534879 2.064039e+01
4857.534989 1.944943e+01
4862.534757 1.809148e+01
4867.535040 1.660166e+01
4872.534918 1.502902e+01
4877.535248 1.342731e+01
4882.535108 1.185375e+01
4887.535360 1.035330e+01
4892.535526 8.957995e+00
4897.535573 7.688869e+00
4902.535469 6.556261e+00
4907.535182 5.561871e+00
4912.535133 4.699654e+00
4917.535292 3.961543e+00
4922.535629 3.337769e+00
4927.535659 2.815743e+00
4932.535805 2.380099e+00
4937.535579 2.014897e+00
4942.535406 1.704067e+00
4947.535717 1.438471e+00
4952.536022 1.215922e+00
4957.535829 1.031478e+00
4962.536030 8.772450e-01
4967.536133 7.470042e-01
4972.536106 6.364058e-01
4977.535920 5.425467e-01
4982.536007 4.638498e-01
4987.536340 3.978404e-01
4992.536423 3.411613e-01
4997.535753 2.921225e-01
5002.536176 2.506943e-01
5007.536257 2.161531e-01
5012.536434 1.870130e-01
5017.536206 1.622531e-01
5022.536488 1.413447e-01
5027.536304 1.236421e-01
5032.536571 1.083659e-01
5037.536787 9.485913e-02
5042.536445 8.262303e-02
5047.536468 7.182954e-02
5052.536349 6.327640e-02
5057.536538 5.676075e-02
5062.536527 5.108351e-02
5067.536767 4.574660e-02
5072.536747 4.099413e-02
5077.536920 3.702151e-02
5082.536774 3.392469e-02
5087.536763 3.137499e-02
5092.536859 2.866075e-02
5097.536546 2.592347e-02
5102.537259 2.412235e-02
5107.537015 2.298764e-02
5112.536763 2.104941e-02
5117.537456 1.831285e-02
5122.537100 1.625637e-02
5127.537635 1.511475e-02
5132.537060 1.385863e-02
5137.537321 1.246093e-02
5142.537402 1.190294e-02
5147.537274 1.205315e-02
5152.536906 1.166162e-02
5157.537268 1.037022e-02
5162.537336 8.763365e-03
5167.537078 7.476371e-03
5172.537470 7.111306e-03
5177.537480 7.278930e-03
5182.537583 6.658739e-03
5187.537246 5.278124e-03
5192.537957 4.504859e-03
5197.537666 4.614057e-03
5202.537862 4.755988e-03
5207.538013 4.692329e-03
5212.537580 4.818587e-03
5217.537554 4.921313e-03
5222.537909 4.194868e-03
5227.538108 2.853069e-03
5232.538122 2.112456e-03
5237.537922 2.212352e-03
5242.537996 2.391729e-03
5247.538318 2.349749e-03
5252.538344 2.284343e-03
5257.538563 2.278177e-03
5262.538431 2.278302e-03
5267.538438 2.262565e-03
5272.538558 2.245153e-03
5277.538765 2.232005e-03
5282.538509 2.219329e-03
5287.538284 2.205518e-03
5292.538065 2.191554e-03
5297.538350 2.177923e-03
5302.538589 2.164494e-03
5307.538753 2.151038e-03
5312.538817 2.137277e-03
5317.538752 2.123650e-03
5322.538532 2.111193e-03
5327.538662 2.098284e-03
5332.538583 2.081045e-03
5337.538803 2.065530e-03
5342.538761 2.066390e-03
5347.538966 2.065284e-03
5352.538855 2.015470e-03
5357.538939 1.984249e-03
5362.538654 2.135967e-03
5367.539052 2.215498e-03
5372.539027 1.580748e-03
5377.539095 4.343295e-04
5382.538685 0.000000e+00
5387.538859 0.000000e+00
5392.539048 5.240432e-05
5397.539227 2.892620e-05
5402.539369 0.000000e+00
5407.539449 0.000000e+00
5412.539440 3.762327e-06
5417.539316 2.076471e-06
5422.539051 0.000000e+00
5427.539725 0.000000e+00
5432.539655 2.701326e-07
5437.539922 1.491082e-07
5442.539389 0.000000e+00
5447.539699 0.000000e+00
5452.539715 1.939465e-08
5457.539409 1.070548e-08
5462.539874 0.000000e+00
5467.539969 0.000000e+00
5472.539664 1.392423e-09
5477.540060 7.686143e-10
5482.540007 0.000000e+00
5487.540041 0.000000e+00
5492.540140 0.000000e+00
5497.540279 0.000000e+00
5502.540431 0.000000e+00
5507.540005 0.000000e+00
5512.540111 0.000000e+00
5517.540158 0.000000e+00
5522.540120 0.000000e+00
5527.540545 0.000000e+00
5532.540262 0.000000e+00
5537.539819 0.000000e+00
5542.540343 0.000000e+00
5547.540660 0.000000e+00
5552.540743 0.000000e+00
5557.540568 0.000000e+00
5562.540689 0.000000e+00
5567.540502 0.000000e+00
5572.540564 0.000000e+00
5577.540268 0.000000e+00
5582.540758 0.000000e+00
5587.540842 0.000000e+00
5592.540493 0.000000e+00
5597.540862 0.000000e+00
5602.540750 0.000000e+00
5607.541310 0.000000e+00
5612.540749 0.000000e+00
5617.540814 0.000000e+00
5622.540891 0.000000e+00
5627.540957 0.000000e+00
5632.540986 0.000000e+00
5637.540956 0.000000e+00
5642.540842 0.000000e+00
5647.541220 0.000000e+00
5652.540868 0.000000e+00
5657.540961 0.000000e+00
5662.541478 0.000000e+00
5667.541191 0.000000e+00
5672.541281 0.000000e+00
5677.541122 0.000000e+00
5682.541294 0.000000e+00
5687.541170 0.000000e+00
5692.541332 0.000000e+00
5697.541759 0.000000e+00
5702.541819 0.000000e+00
5707.542099 0.000000e+00
5712.541962 0.000000e+00
5717.541999 0.000000e+00
5722.542187 0.000000e+00
5727.541887 0.000000e+00
5732.541692 0.000000e+00
5737.542197 0.000000e+00
5742.542145 0.000000e+00
5747.542129 0.000000e+00
5752.542128 0.000000e+00
5757.542119 0.000000e+00
5762.542079 0.000000e+00
5767.541986 0.000000e+00
5772.542441 0.000000e+00
5777.542172 0.000000e+00
5782.541780 0.000000e+00
5787.541872 0.000000e+00
5792.542427 0.000000e+00
5797.542793 0.000000e+00
5802.542317 0.000000e+00
5807.542236 0.000000e+00
5812.541897 0.000000e+00
5817.541912 0.000000e+00
5822.542260 0.000000e+00
5827.542283 0.000000e+00
5832.542596 0.000000e+00
5837.542538 0.000000e+00
5842.542727 0.000000e+00
5847.542499 0.000000e+00
5852.542473 0.000000e+00
5857.542630 0.000000e+00
5862.542302 0.000000e+00
5867.542757 0.000000e+00
5872.542684 0.000000e+00
5877.542705 0.000000e+00
5882.543450 0.000000e+00
5887.543599 0.000000e+00
5892.543126 0.000000e+00
5897.543314 0.000000e+00
5902.542835 0.000000e+00
5907.542976 0.000000e+00
5912.543061 0.000000e+00
5917.543068 0.000000e+00
5922.542977 0.000000e+00
5927.543423 0.000000e+00
5932.543068 0.000000e+00
5937.543871 0.000000e+00
5942.543829 0.000000e+00
5947.543578 0.000000e+00
5952.543763 0.000000e+00
5957.543698 0.000000e+00
5962.544028 0.000000e+00
5967.543397 0.000000e+00
5972.543787 0.000000e+00
5977.543842 0.000000e+00
5982.543538 0.000000e+00
5987.544199 0.000000e+00
5992.543785 0.000000e+00
5997.543623 0.000000e+00
6002.543691 0.000000e+00
6007.543970 0.000000e+00
6012.544440 0.000000e+00
6017.543721 0.000000e+00
6022.544512 0.000000e+00
6027.544070 0.000000e+00
6032.543734 0.000000e+00
6037.544170 0.000000e+00
6042.544674 0.000000e+00
6047.544540 0.000000e+00
6052.544432 0.000000e+00
6057.544329 0.000000e+00
6062.544212 0.000000e+00
6067.544058 0.000000e+00
6072.544541 0.000000e+00
6077.544950 0.000000e+00
6082.544568 0.000000e+00
6087.544068 0.000000e+00
6092.544823 0.000000e+00
6097.544025 0.000000e+00
6102.544445 0.000000e+00
6107.544668 0.000000e+00
6112.544671 0.000000e+00
6117.544434 0.000000e+00
6122.545344 5.037531e-10
6127.544565 9.126267e-10
6132.544894 0.000000e+00
6137.544903 0.000000e+00
6142.544568 7.016375e-09
6147.545289 1.271125e-08
6152.545629 0.000000e+00
6157.545565 0.000000e+00
6162.545077 9.772418e-08
6167.544856 1.770322e-07
6172.544884 0.000000e+00
6177.545143 0.000000e+00
6182.544896 1.361139e-06
6187.545559 2.465916e-06
6192.544956 0.000000e+00
6197.545226 0.000000e+00
6202.544908 1.895825e-05
6207.545426 3.434580e-05
6212.545317 0.000000e+00
6217.546009 0.000000e+00
6222.546033 2.794661e-04
6227.545365 8.944928e-04
6232.545443 8.177123e-04
6237.546249 1.719733e-04
6242.546306 8.655066e-05
6247.545589 6.901768e-04
6252.545544 1.094425e-03
6257.546156 1.035116e-03
6262.545935 9.078512e-04
6267.545595 9.082854e-04
6272.545856 9.986490e-04
6277.545962 1.026417e-03
6282.545892 7.479815e-04
6287.546369 2.301864e-04
6292.545890 0.000000e+00
6297.545920 0.000000e+00
6302.545697 2.683690e-04
6307.545949 8.127106e-04
6312.546657 7.929135e-04
6317.546307 2.406533e-04
6322.546377 0.000000e+00
6327.546848 0.000000e+00
6332.546199 2.945881e-05
6337.546668 1.626070e-05
6342.546730 0.000000e+00
6347.546366 0.000000e+00
6352.547069 2.114897e-06
6357.546550 1.167087e-06
6362.546304 0.000000e+00
6367.546314 0.000000e+00
6372.546563 1.518536e-07
6377.546651 8.382040e-08
6382.546559 0.000000e+00
6387.546651 0.000000e+00
6392.546526 1.090260e-08
6397.546933 6.018034e-09
6402.546701 0.000000e+00
6407.546965 0.000000e+00
6412.547324 7.827719e-10
6417.547372 4.320762e-10
6422.547478 0.000000e+00
6427.547235 0.000000e+00
6432.547401 0.000000e+00
6437.547570 0.000000e+00
6442.547724 0.000000e+00
6447.547845 0.000000e+00
6452.547523 0.000000e+00
6457.547131 0.000000e+00
6462.547434 0.000000e+00
6467.547238 0.000000e+00
6472.547311 0.000000e+00
6477.547242 0.000000e+00
6482.547407 0.000000e+00
6487.547393 0.000000e+00
6492.547974 0.000000e+00
6497.547549 0.000000e+00
6502.547683 0.000000e+00
6507.547566 0.000000e+00
6512.547976 2.579562e-10
6517.548100 4.673257e-10
6522.547918 0.000000e+00
6527.548211 0.000000e+00
6532.548164 3.592845e-09
6537.548558 6.508995e-09
6542.548575 0.000000e+00
6547.548196 0.000000e+00
6552.547804 5.002559e-08
6557.547785 9.065212e-08
6562.547719 0.000000e+00
6567.547994 0.000000e+00
6572.548188 6.969926e-07
6577.548284 1.262711e-06
6582.548262 0.000000e+00
6587.548107 0.000000e+00
6592.548207 9.707866e-06
6597.548546 1.758730e-05
6602.548290 0.000000e+00
6607.548649 0.000000e+00
6612.548787 1.451042e-04
6617.548685 5.120185e-04
6622.548738 6.623931e-04
6627.548929 6.054851e-04
6632.548828 7.299456e-04
6637.548830 1.076444e-03
6642.548920 1.327749e-03
6647.548250 1.318246e-03
6652.548462 1.056085e-03
6657.548711 7.075117e-04
6662.548980 5.745150e-04
6667.548834 6.200330e-04
6672.548674 4.774808e-04
6677.548901 1.351508e-04
6682.549079 0.000000e+00
6687.549193 0.000000e+00
6692.549225 1.637788e-05
6697.549158 9.040287e-06
6702.549397 0.000000e+00
6707.549503 0.000000e+00
6712.549460 1.175879e-06
6717.549250 6.490634e-07
6722.549704 0.000000e+00
6727.549958 0.000000e+00
6732.549571 8.442388e-08
6737.549800 4.659989e-08
6742.549351 0.000000e+00
6747.549488 0.000000e+00
6752.549768 6.061392e-09
6757.549747 3.345776e-09
6762.549407 0.000000e+00
6767.549590 0.000000e+00
6772.549851 4.351876e-10
6777.549742 2.402144e-10
6782.549679 0.000000e+00
6787.550077 0.000000e+00
6792.550056 0.000000e+00
6797.550464 0.000000e+00
6802.550420 0.000000e+00
6807.549903 0.000000e+00
6812.550205 0.000000e+00
6817.550438 0.000000e+00
6822.550587 0.000000e+00
6827.550635 0.000000e+00
6832.550127 0.000000e+00
6837.549923 0.000000e+00
6842.550007 0.000000e+00
6847.550365 0.000000e+00
6852.550101 0.000000e+00
6857.550078 0.000000e+00
6862.550282 1.184168e-10
6867.550698 2.145343e-10
6872.550424 0.000000e+00
6877.550773 0.000000e+00
6882.550842 1.649377e-09
6887.550614 2.988102e-09
6892.550965 0.000000e+00
6897.550541 0.000000e+00
6902.551112 2.297286e-08
6907.550875 4.161889e-08
6912.551156 0.000000e+00
6917.551493 0.000000e+00
6922.551419 3.199706e-07
6927.551369 5.796763e-07
6932.551327 0.000000e+00
6937.550825 0.000000e+00
6942.550750 4.456543e-06
6947.551090 8.073810e-06
6952.550921 0.000000e+00
6957.550682 0.000000e+00
6962.551267 6.737669e-05
6967.550840 2.556634e-04
6972.551207 3.940880e-04
6977.551443 3.935996e-04
6982.551531 2.286535e-04
6987.551454 2.737993e-05
6992.551198 5.507028e-05
6997.551665 2.607098e-04
7002.551922 2.849515e-04
7007.551953 8.900871e-05
7012.551742 0.000000e+00
7017.552197 0.000000e+00
7022.551917 1.094028e-05
7027.551810 6.038052e-06
7032.551862 0.000000e+00
7037.551594 0.000000e+00
7042.551920 7.853753e-07
7047.551429 4.335127e-07
7052.551502 0.000000e+00
7057.552129 0.000000e+00
7062.551890 5.638741e-08
7067.552173 3.112481e-08
7072.552028 0.000000e+00
7077.552377 0.000000e+00
7082.552265 4.048434e-09
7087.552620 2.234661e-09
7092.552483 0.000000e+00
7097.552783 0.000000e+00
7102.552560 2.906644e-10
7107.552745 1.604413e-10
7112.552851 0.000000e+00
7117.552861 0.000000e+00
7122.552285 0.000000e+00
7127.552059 0.000000e+00
7132.552170 0.000000e+00
7137.552127 0.000000e+00
7142.552391 0.000000e+00
7147.552472 0.000000e+00
7152.552833 0.000000e+00
7157.552980 0.000000e+00
7162.552897 0.000000e+00
7167.553051 0.000000e+00
7172.552946 0.000000e+00
7177.553048 0.000000e+00
7182.553346 0.000000e+00
7187.553340 0.000000e+00
7192.553499 0.000000e+00
7197.553323 0.000000e+00
7202.553285 0.000000e+00
7207.553369 0.000000e+00
7212.553561 0.000000e+00
7217.552871 0.000000e+00
7222.553238 0.000000e+00
7227.553181 0.000000e+00
7232.553175 0.000000e+00
7237.553206 0.000000e+00
7242.553260 0.000000e+00
7247.553322 0.000000e+00
7252.553379 0.000000e+00
7257.553416 0.000000e+00
7262.553418 0.000000e+00
7267.553867 0.000000e+00
7272.553758 0.000000e+00
7277.553571 0.000000e+00
7282.553790 0.000000e+00
7287.553903 0.000000e+00
7292.553896 0.000000e+00
7297.553754 0.000000e+00
7302.553964 0.000000e+00
7307.554011 0.000000e+00
7312.554383 0.000000e+00
7317.553558 0.000000e+00
7322.553532 0.000000e+00
7327.553789 0.000000e+00
7332.553812 0.000000e+00
7337.554092 0.000000e+00
7342.554109 0.000000e+00
7347.553848 0.000000e+00
7352.554309 0.000000e+00
7357.554466 0.000000e+00
7362.554302 0.000000e+00
7367.554312 0.000000e+00
7372.554484 0.000000e+00
7377.554803 0.000000e+00
7382.554234 0.000000e+00
7387.554808 0.000000e+00
7392.554977 0.000000e+00
7397.555240 0.000000e+00
7402.555068 0.000000e+00
7407.554446 0.000000e+00
7412.554391 0.000000e+00
7417.554374 0.000000e+00
7422.554381 0.000000e+00
7427.554400 0.000000e+00
7432.554417 0.000000e+00
7437.554937 0.000000e+00
7442.554909 0.000000e+00
7447.555359 0.000000e+00
7452.555231 0.000000e+00
7457.555555 0.000000e+00
7462.555273 0.000000e+00
7467.555416 0.000000e+00
7472.554923 0.000000e+00
7477.555355 0.000000e+00
7482.555123 0.000000e+00
7487.555792 0.000000e+00
7492.555769 0.000000e+00
7497.556095 0.000000e+00
7502.555700 0.000000e+00
7507.555098 0.000000e+00
7512.554804 0.000000e+00
7517.555336 0.000000e+00
7522.555091 0.000000e+00
7527.555116 0.000000e+00
7532.555400 0.000000e+00
7537.555929 0.000000e+00
7542.555624 0.000000e+00
7547.555537 0.000000e+00
7552.555656 0.000000e+00
7557.555969 0.000000e+00
7562.555927 0.000000e+00
7567.556052 0.000000e+00
7572.555794 0.000000e+00
7577.556217 0.000000e+00
7582.556229 0.000000e+00
7587.556358 0.000000e+00
7592.556049 0.000000e+00
7597.556371 0.000000e+00
7602.556229 0.000000e+00
7607.556150 0.000000e+00
7612.555579 0.000000e+00
7617.556135 0.000000e+00
7622.555627 0.000000e+00
7627.556223 0.000000e+00
7632.556273 0.000000e+00
7637.556311 0.000000e+00
7642.556871 0.000000e+00
7647.556295 0.000000e+00
7652.556766 0.000000e+00
7657.556623 0.000000e+00
7662.556401 0.000000e+00
7667.556641 0.000000e+00
7672.556778 0.000000e+00
7677.556799 0.000000e+00
7682.556691 0.000000e+00
7687.557551 0.000000e+00
7692.557146 0.000000e+00
7697.557129 0.000000e+00
7702.556931 0.000000e+00
7707.556538 0.000000e+00
7712.557055 0.000000e+00
7717.556795 0.000000e+00
7722.556861 0.000000e+00
7727.556682 0.000000e+00
7732.556806 0.000000e+00
7737.557221 0.000000e+00
7742.557353 0.000000e+00
7747.557189 0.000000e+00
7752.557278 0.000000e+00
7757.557610 0.000000e+00
7762.557607 0.000000e+00
7767.557821 0.000000e+00
7772.557675 0.000000e+00
7777.557722 0.000000e+00
7782.557950 0.000000e+00
7787.557778 0.000000e+00
7792.557763 0.000000e+00
7797.557322 0.000000e+00
7802.557012 0.000000e+00
7807.557395 0.000000e+00
7812.557313 0.000000e+00
7817.557901 0.000000e+00
7822.558000 0.000000e+00
7827.557595 0.000000e+00
7832.557825 0.000000e+00
7837.557526 0.000000e+00
7842.557839 0.000000e+00
7847.557597 0.000000e+00
7852.557944 0.000000e+00
7857.557712 0.000000e+00
7862.558045 0.000000e+00
7867.558354 0.000000e+00
7872.558625 0.000000e+00
7877.558847 0.000000e+00
7882.559007 0.000000e+00
7887.558509 0.000000e+00
7892.558508 0.000000e+00
7897.557823 0.000000e+00
7902.558197 0.000000e+00
7907.558449 0.000000e+00
7912.558567 0.000000e+00
7917.558537 0.000000e+00
7922.558347 0.000000e+00
7927.558575 0.000000e+00
7932.558619 0.000000e+00
7937.558468 0.000000e+00
7942.558699 0.000000e+00
7947.558711 0.000000e+00
7952.559083 0.000000e+00
7957.559212 0.000000e+00
7962.559679 0.000000e+00
7967.559281 0.000000e+00
7972.559198 0.000000e+00
7977.559419 0.000000e+00
7982.558735 0.000000e+00
7987.558931 0.000000e+00
7992.558796 0.000000e+00
7997.558919 0.000000e+00
8002.558687 0.000000e+00
