1597.508000 3.627069e-02
1602.508118 8.055475e-02
1607.508190 1.243431e-01
1612.508114 1.668340e-01
1617.508187 2.114351e-01
1622.508318 2.654625e-01
1627.508420 3.293422e-01
1632.508404 3.965247e-01
1637.508388 4.623903e-01
1642.508492 5.247611e-01
1647.508540 5.860246e-01
1652.508559 6.525532e-01
1657.508579 7.196119e-01
1662.508636 7.718948e-01
1667.508665 8.107696e-01
1672.508812 8.540202e-01
1677.508808 9.030247e-01
1682.508807 9.426461e-01
1687.508860 9.716985e-01
1692.509025 1.003089e+00
1697.509148 1.036655e+00
1702.509073 1.059039e+00
1707.508972 1.068084e+00
1712.509026 1.073419e+00
1717.509200 1.084847e+00
1722.509239 1.111436e+00
1727.509333 1.152975e+00
1732.509230 1.200078e+00
1737.509352 1.244983e+00
1742.509453 1.282261e+00
1747.509511 1.313880e+00
1752.509509 1.348703e+00
1757.509546 1.386317e+00
1762.509611 1.417082e+00
1767.509695 1.439536e+00
1772.509672 1.460657e+00
1777.509657 1.484307e+00
1782.509767 1.510793e+00
1787.509884 1.538712e+00
1792.510015 1.565218e+00
1797.509922 1.590006e+00
1802.509977 1.615339e+00
1807.510072 1.642644e+00
1812.510099 1.672331e+00
1817.510199 1.703144e+00
1822.510267 1.732327e+00
1827.510200 1.759964e+00
1832.510273 1.788958e+00
1837.510390 1.820263e+00
1842.510455 1.852821e+00
1847.510371 1.886930e+00
1852.510429 1.924246e+00
1857.510411 1.964408e+00
1862.510617 2.004961e+00
1867.510702 2.042977e+00
1872.510576 2.075812e+00
1877.510683 2.116182e+00
1882.510679 2.190582e+00
1887.510882 2.289271e+00
1892.510815 2.366953e+00
1897.510802 2.407664e+00
1902.510906 2.426442e+00
1907.510919 2.441579e+00
1912.511181 2.472352e+00
1917.511074 2.516956e+00
1922.511080 2.553349e+00
1927.511136 2.579795e+00
1932.511179 2.615004e+00
1937.511287 2.660733e+00
1942.511260 2.701539e+00
1947.511180 2.736586e+00
1952.511418 2.779884e+00
1957.511493 2.833695e+00
1962.511495 2.888266e+00
1967.511516 2.942435e+00
1972.511507 3.003703e+00
1977.511565 3.069392e+00
1982.511648 3.126855e+00
1987.511709 3.177317e+00
1992.511557 3.235666e+00
1997.511748 3.301982e+00
2002.511795 3.361421e+00
2007.511961 3.410089e+00
2012.511909 3.455607e+00
2017.511906 3.503487e+00
2022.511921 3.556540e+00
2027.512077 3.615277e+00
2032.512193 3.677940e+00
2037.512084 3.740843e+00
2042.512191 3.798827e+00
2047.512179 3.854936e+00
2052.512340 3.920022e+00
2057.512338 3.994289e+00
2062.512470 4.067321e+00
2067.512400 4.137224e+00
2072.512433 4.210910e+00
2077.512554 4.291086e+00
2082.512753 4.375834e+00
2087.512529 4.462201e+00
2092.512689 4.546848e+00
2097.512735 4.636411e+00
2102.512826 4.746768e+00
2107.512790 4.876386e+00
2112.512790 5.006608e+00
2117.512995 5.134597e+00
2122.512900 5.273505e+00
2127.513012 5.423964e+00
2132.512997 5.573837e+00
2137.513029 5.721756e+00
2142.513116 5.877352e+00
2147.513266 6.043600e+00
2152.513318 6.216481e+00
2157.513279 6.395577e+00
2162.513163 6.584167e+00
2167.513336 6.781134e+00
2172.513463 6.980783e+00
2177.513561 7.178092e+00
2182.513471 7.369441e+00
2187.513390 7.563808e+00
2192.513522 7.781343e+00
2197.513711 8.011727e+00
2202.513802 8.215155e+00
2207.513638 8.385974e+00
2212.513611 8.553351e+00
2217.513753 8.732485e+00
2222.513727 8.922709e+00
2227.513751 9.115467e+00
2232.513859 9.296299e+00
2237.513901 9.479949e+00
2242.514103 9.708956e+00
2247.514126 9.986595e+00
2252.514010 1.027656e+01
2257.513985 1.056256e+01
2262.514289 1.085007e+01
2267.514200 1.114328e+01
2272.514146 1.144415e+01
2277.514176 1.175233e+01
2282.514343 1.206524e+01
2287.514304 1.238020e+01
2292.514506 1.269464e+01
2297.514609 1.300838e+01
2302.514469 1.332366e+01
2307.514540 1.364358e+01
2312.514481 1.397192e+01
2317.514755 1.430836e+01
2322.514617 1.464816e+01
2327.514532 1.497895e+01
2332.514770 1.528235e+01
2337.514785 1.557395e+01
2342.515054 1.590184e+01
2347.514823 1.627338e+01
2352.514778 1.665450e+01
2357.514786 1.702792e+01
2362.515129 1.739484e+01
2367.515257 1.775666e+01
2372.515031 1.811398e+01
2377.515161 1.846436e+01
2382.515092 1.880263e+01
2387.515117 1.913202e+01
2392.515318 1.946368e+01
2397.515350 1.979444e+01
2402.515297 2.010712e+01
2407.515242 2.040035e+01
2412.515495 2.068853e+01
2417.515488 2.097328e+01
2422.515531 2.124347e+01
2427.515495 2.150320e+01
2432.515696 2.177051e+01
2437.515561 2.202252e+01
2442.515633 2.219747e+01
2447.515561 2.229501e+01
2452.515896 2.237618e+01
2457.515836 2.246221e+01
2462.515935 2.253252e+01
2467.515841 2.258273e+01
2472.516115 2.262608e+01
2477.515949 2.266732e+01
2482.516138 2.270194e+01
2487.516100 2.272582e+01
2492.516177 2.273588e+01
2497.516247 2.273536e+01
2502.516190 2.273337e+01
2507.516356 2.272970e+01
2512.516154 2.271502e+01
2517.516410 2.269112e+01
2522.516294 2.267049e+01
2527.516404 2.264582e+01
2532.516381 2.259155e+01
2537.516592 2.252874e+01
2542.516677 2.252306e+01
2547.516519 2.257479e+01
2552.516488 2.261881e+01
2557.516715 2.263453e+01
2562.516841 2.264797e+01
2567.516749 2.266746e+01
2572.516819 2.268204e+01
2577.516939 2.268904e+01
2582.516996 2.269467e+01
2587.516876 2.269909e+01
2592.516969 2.269628e+01
2597.517164 2.268571e+01
2602.517096 2.267236e+01
2607.517163 2.265697e+01
2612.517253 2.263592e+01
2617.517256 2.260874e+01
2622.517320 2.257832e+01
2627.517335 2.254642e+01
2632.517452 2.251323e+01
2637.517301 2.247188e+01
2642.517558 2.240915e+01
2647.517329 2.232525e+01
2652.517557 2.223374e+01
2657.517611 2.213908e+01
2662.517380 2.203644e+01
2667.517558 2.193162e+01
2672.517774 2.184053e+01
2677.517653 2.175801e+01
2682.517628 2.165838e+01
2687.517593 2.153837e+01
2692.517717 2.141739e+01
2697.517896 2.130264e+01
2702.518029 2.118816e+01
2707.518010 2.107065e+01
2712.518012 2.094999e+01
2717.517932 2.082547e+01
2722.517945 2.069584e+01
2727.517951 2.056326e+01
2732.518127 2.043293e+01
2737.518094 2.029941e+01
2742.518312 2.014701e+01
2747.518402 1.997035e+01
2752.518261 1.977517e+01
2757.518358 1.957538e+01
2762.518311 1.939151e+01
2767.518593 1.922169e+01
2772.518532 1.904204e+01
2777.518606 1.884644e+01
2782.518719 1.864712e+01
2787.518772 1.845011e+01
2792.518669 1.825446e+01
2797.518898 1.805795e+01
2802.518777 1.785759e+01
2807.518798 1.765203e+01
2812.518867 1.744183e+01
2817.518887 1.723000e+01
2822.518765 1.702160e+01
2827.519004 1.681488e+01
2832.518910 1.660146e+01
2837.518992 1.638119e+01
2842.519156 1.616221e+01
2847.519310 1.594691e+01
2852.519362 1.573164e+01
2857.519217 1.551352e+01
2862.519396 1.529106e+01
2867.519192 1.506886e+01
2872.519440 1.485707e+01
2877.519430 1.465329e+01
2882.519382 1.444295e+01
2887.519516 1.422239e+01
2892.519430 1.399937e+01
2897.519662 1.377761e+01
2902.519492 1.355633e+01
2907.519462 1.333547e+01
2912.519803 1.311587e+01
2917.519789 1.289851e+01
2922.519649 1.268435e+01
2927.519616 1.247129e+01
2932.519924 1.225436e+01
2937.519843 1.203435e+01
2942.519930 1.181766e+01
2947.520101 1.160577e+01
2952.519941 1.139511e+01
2957.520018 1.118565e+01
2962.520248 1.098093e+01
2967.520216 1.078146e+01
2972.520165 1.058455e+01
2977.520009 1.038825e+01
2982.520330 1.019149e+01
2987.520379 9.995287e+00
2992.520403 9.802647e+00
2997.520318 9.615776e+00
3002.520379 9.435906e+00
3007.520502 9.260975e+00
3012.520604 9.085786e+00
3017.520261 8.907699e+00
3022.520757 8.727052e+00
3027.520641 8.550597e+00
3032.520516 8.390367e+00
3037.520992 8.234400e+00
3042.520603 8.047973e+00
3047.520653 7.829417e+00
3052.520716 7.610366e+00
3057.521063 7.404323e+00
3062.520910 7.205359e+00
3067.520880 7.010884e+00
3072.521247 6.822438e+00
3077.520868 6.640543e+00
3082.521084 6.464488e+00
3087.521106 6.292496e+00
3092.520851 6.121976e+00
3097.520960 5.953127e+00
3102.521357 5.788976e+00
3107.521241 5.632172e+00
3112.521256 5.484638e+00
3117.521326 5.342963e+00
3122.521375 5.198686e+00
3127.521323 5.049081e+00
3132.521094 4.897766e+00
3137.521347 4.758456e+00
3142.521270 4.653563e+00
3147.521526 4.580626e+00
3152.521669 4.512647e+00
3157.521997 4.438976e+00
3162.522061 4.366158e+00
3167.522158 4.295485e+00
3172.521836 4.222611e+00
3177.521775 4.151274e+00
3182.521712 4.092511e+00
3187.521764 4.034257e+00
3192.521856 3.942869e+00
3197.521916 3.827586e+00
3202.522062 3.739645e+00
3207.522028 3.688236e+00
3212.522126 3.639603e+00
3217.522285 3.581293e+00
3222.522237 3.523767e+00
3227.522104 3.471501e+00
3232.522007 3.421968e+00
3237.522073 3.371439e+00
3242.522231 3.315492e+00
3247.522409 3.254089e+00
3252.522537 3.191556e+00
3257.522543 3.130758e+00
3262.522754 3.072859e+00
3267.522499 3.017627e+00
3272.522308 2.963580e+00
3277.522513 2.910664e+00
3282.522643 2.860220e+00
3287.522628 2.811040e+00
3292.522803 2.759512e+00
3297.522898 2.706680e+00
3302.523045 2.658122e+00
3307.522971 2.614352e+00
3312.523018 2.570764e+00
3317.522910 2.526144e+00
3322.522786 2.482802e+00
3327.522992 2.441300e+00
3332.522838 2.400297e+00
3337.523089 2.358636e+00
3342.523261 2.315505e+00
3347.523287 2.271703e+00
3352.523309 2.229543e+00
3357.523471 2.189234e+00
3362.523495 2.148893e+00
3367.523314 2.108438e+00
3372.523285 2.069603e+00
3377.523345 2.032470e+00
3382.523428 1.995462e+00
3387.523683 1.958392e+00
3392.523614 1.922508e+00
3397.523586 1.888397e+00
3402.523752 1.855905e+00
3407.523830 1.824566e+00
3412.523754 1.793638e+00
3417.523459 1.762563e+00
3422.523537 1.731044e+00
3427.523707 1.699942e+00
3432.523905 1.671208e+00
3437.524068 1.645406e+00
3442.524131 1.621657e+00
3447.524031 1.598902e+00
3452.524149 1.576013e+00
3457.524424 1.552950e+00
3462.524120 1.530743e+00
3467.523846 1.510112e+00
3472.524217 1.491351e+00
3477.524043 1.473413e+00
3482.524167 1.454014e+00
3487.524301 1.433118e+00
3492.524383 1.412937e+00
3497.524350 1.394678e+00
3502.524601 1.378385e+00
3507.524384 1.362819e+00
3512.524560 1.345613e+00
3517.524606 1.326934e+00
3522.524462 1.309435e+00
3527.524530 1.293709e+00
3532.524753 1.278216e+00
3537.524602 1.262256e+00
3542.524955 1.246084e+00
3547.524812 1.230506e+00
3552.525057 1.216751e+00
3557.524682 1.204031e+00
3562.524575 1.189647e+00
3567.524680 1.173687e+00
3572.524940 1.159018e+00
3577.525055 1.146104e+00
3582.525207 1.132964e+00
3587.525096 1.119456e+00
3592.525388 1.107304e+00
3597.525542 1.096641e+00
3602.525255 1.085971e+00
3607.525197 1.074970e+00
3612.525069 1.064492e+00
3617.525303 1.053871e+00
3622.525352 1.041005e+00
3627.525403 1.026986e+00
3632.525648 1.015985e+00
3637.525533 1.007972e+00
3642.525747 9.987192e-01
3647.525735 9.869710e-01
3652.525439 9.746097e-01
3657.525553 9.630141e-01
3662.525774 9.528787e-01
3667.525792 9.439648e-01
3672.525804 9.351566e-01
3677.525753 9.260222e-01
3682.525838 9.168442e-01
3687.525749 9.077308e-01
3692.526197 8.985895e-01
3697.526361 8.894174e-01
3702.526184 8.802996e-01
3707.525866 8.710683e-01
3712.526127 8.613474e-01
3717.526140 8.518095e-01
3722.526106 8.440892e-01
3727.526494 8.376207e-01
3732.526207 8.297000e-01
3737.526233 8.200158e-01
3742.526522 8.106467e-01
3747.526494 8.014532e-01
3752.526093 7.901183e-01
3757.526324 7.776009e-01
3762.526339 7.680637e-01
3767.526351 7.617092e-01
3772.526574 7.547297e-01
3777.526689 7.453545e-01
3782.526641 7.340601e-01
3787.526917 7.221391e-01
3792.526924 7.115319e-01
3797.526881 7.025630e-01
3802.526734 6.939350e-01
3807.526701 6.849066e-01
3812.526734 6.754000e-01
3817.527052 6.662222e-01
3822.527060 6.589384e-01
3827.526976 6.528476e-01
3832.527301 6.450828e-01
3837.527158 6.358411e-01
3842.527045 6.283373e-01
3847.526912 6.225673e-01
3852.527265 6.153076e-01
3857.527219 6.063733e-01
3862.527281 5.986586e-01
3867.527401 5.927874e-01
3872.527528 5.870321e-01
3877.527613 5.808842e-01
3882.527605 5.751049e-01
3887.527738 5.692767e-01
3892.527677 5.618349e-01
3897.527372 5.532055e-01
3902.527343 5.457744e-01
3907.527543 5.400202e-01
3912.527637 5.344672e-01
3917.527574 5.285268e-01
3922.527883 5.225724e-01
3927.527647 5.167475e-01
3932.527976 5.109294e-01
3937.527952 5.051147e-01
3942.527815 4.994277e-01
3947.527809 4.939162e-01
3952.527886 4.885415e-01
3957.527999 4.831058e-01
3962.528099 4.772948e-01
3967.528139 4.716832e-01
3972.528366 4.676602e-01
3977.528438 4.648031e-01
3982.528603 4.609120e-01
3987.528217 4.554019e-01
3992.528127 4.493775e-01
3997.528287 4.439079e-01
4002.528352 4.398999e-01
4007.528274 4.370487e-01
4012.528307 4.338909e-01
4017.528707 4.300125e-01
4022.528825 4.260813e-01
4027.528610 4.223645e-01
4032.528930 4.186845e-01
4037.528824 4.149424e-01
4042.528550 4.111397e-01
4047.528676 4.073142e-01
4052.528849 4.035329e-01
4057.528717 3.997608e-01
4062.529159 3.958721e-01
4067.528892 3.920106e-01
4072.529112 3.885762e-01
4077.529151 3.855745e-01
4082.528963 3.826168e-01
4087.528816 3.795517e-01
4092.528977 3.764810e-01
4097.529091 3.734395e-01
4102.529111 3.703864e-01
4107.529308 3.673241e-01
4112.529323 3.642978e-01
4117.529427 3.612629e-01
4122.529576 3.580964e-01
4127.529726 3.549835e-01
4132.529513 3.523953e-01
4137.529212 3.501952e-01
4142.529421 3.476520e-01
4147.529455 3.446157e-01
4152.529593 3.415318e-01
4157.529791 3.385887e-01
4162.529681 3.356930e-01
4167.529870 3.327801e-01
4172.529663 3.298301e-01
4177.529668 3.268962e-01
4182.529844 3.240910e-01
4187.529820 3.212667e-01
4192.529882 3.180285e-01
4197.529988 3.143867e-01
4202.530094 3.107525e-01
4207.530159 3.072022e-01
4212.530139 3.034820e-01
4217.529991 2.998437e-01
4222.530342 2.970255e-01
4227.530482 2.949929e-01
4232.530367 2.929472e-01
4237.530291 2.907638e-01
4242.530549 2.889997e-01
4247.530425 2.875803e-01
4252.530553 2.857949e-01
4257.530553 2.835070e-01
4262.530725 2.811698e-01
4267.530684 2.789629e-01
4272.530733 2.767697e-01
4277.530485 2.745436e-01
4282.530587 2.723215e-01
4287.530655 2.701243e-01
4292.530648 2.679518e-01
4297.530524 2.657669e-01
4302.530590 2.635042e-01
4307.530805 2.613047e-01
4312.530781 2.595010e-01
4317.530827 2.580675e-01
4322.530901 2.566267e-01
4327.530613 2.551264e-01
4332.530977 2.538309e-01
4337.530897 2.524575e-01
4342.531038 2.501973e-01
4347.531363 2.470552e-01
4352.531121 2.438498e-01
4357.531338 2.408669e-01
4362.531262 2.378379e-01
4367.531569 2.348164e-01
4372.531504 2.321865e-01
4377.531384 2.299633e-01
4382.531170 2.277896e-01
4387.531545 2.255259e-01
4392.531387 2.232649e-01
4397.531743 2.210401e-01
4402.531484 2.188170e-01
4407.531664 2.165907e-01
4412.531514 2.143875e-01
4417.531726 2.122090e-01
4422.531530 2.100313e-01
4427.531621 2.078493e-01
4432.531594 2.056778e-01
4437.531778 2.035204e-01
4442.531766 2.013692e-01
4447.531892 1.992268e-01
4452.532116 1.971065e-01
4457.532029 1.950081e-01
4462.531965 1.929185e-01
4467.532261 1.908379e-01
4472.531755 1.887780e-01
4477.531909 1.867106e-01
4482.531935 1.845750e-01
4487.532175 1.824983e-01
4492.532212 1.807835e-01
4497.532387 1.794162e-01
4502.532285 1.780672e-01
4507.532628 1.766427e-01
4512.532618 1.752891e-01
4517.532215 1.739352e-01
4522.532533 1.722918e-01
4527.532384 1.703134e-01
4532.532501 1.682087e-01
4537.532461 1.662265e-01
4542.532614 1.646309e-01
4547.532538 1.633889e-01
4552.532971 1.621784e-01
4557.532712 1.608823e-01
4562.532892 1.595971e-01
4567.532695 1.583296e-01
4572.532866 1.569961e-01
4577.532586 1.556992e-01
4582.532998 1.547194e-01
4587.532885 1.540604e-01
4592.533001 1.534478e-01
4597.533312 1.527636e-01
4602.532986 1.520574e-01
4607.533181 1.513661e-01
4612.533066 1.507048e-01
4617.533002 1.500435e-01
4622.533358 1.493156e-01
4627.533295 1.485998e-01
4632.533582 1.481005e-01
4637.533379 1.475189e-01
4642.533456 1.460814e-01
4647.533375 1.437963e-01
4652.533507 1.414521e-01
4657.533817 1.393258e-01
4662.533457 1.371606e-01
4667.533614 1.349868e-01
4672.533847 1.331315e-01
4677.533712 1.316164e-01
4682.533582 1.301519e-01
4687.533838 1.286215e-01
4692.534032 1.270929e-01
4697.534131 1.255922e-01
4702.534100 1.240964e-01
4707.533904 1.225949e-01
4712.533925 1.210930e-01
4717.534131 1.196183e-01
4722.533650 1.182149e-01
4727.534125 1.167922e-01
4732.534264 1.151404e-01
4737.534455 1.134138e-01
4742.534242 1.121165e-01
4747.534435 1.112960e-01
4752.534154 1.105373e-01
4757.534214 1.096555e-01
4762.534584 1.087153e-01
4767.534378 1.077696e-01
4772.534415 1.068465e-01
4777.534664 1.059311e-01
4782.534234 1.049708e-01
4787.534810 1.040174e-01
4792.534639 1.032227e-01
4797.534549 1.025922e-01
4802.534508 1.019849e-01
4807.534482 1.013444e-01
4812.534441 1.007040e-01
4817.534786 1.000737e-01
4822.535051 9.943633e-02
4827.534765 9.879011e-02
4832.535209 9.814976e-02
4837.535036 9.752311e-02
4842.535092 9.691041e-02
4847.534903 9.631158e-02
4852.534879 9.572603e-02
4857.534989 9.514583e-02
4862.534757 9.455640e-02
4867.535040 9.395960e-02
4872.534918 9.337334e-02
4877.535248 9.279797e-02
4882.535108 9.221616e-02
4887.535360 9.162474e-02
4892.535526 9.103507e-02
4897.535573 9.044866e-02
4902.535469 8.985718e-02
4907.535182 8.926257e-02
4912.535133 8.867735e-02
4917.535292 8.810257e-02
4922.535629 8.752753e-02
4927.535659 8.694097e-02
4932.535805 8.633398e-02
4937.535579 8.575033e-02
4942.535406 8.528186e-02
4947.535717 8.491787e-02
4952.536022 8.454742e-02
4957.535829 8.415723e-02
4962.536030 8.382895e-02
4967.536133 8.348256e-02
4972.536106 8.288216e-02
4977.535920 8.202279e-02
4982.536007 8.113137e-02
4987.536340 8.030400e-02
4992.536423 7.949664e-02
4997.535753 7.868496e-02
5002.536176 7.787040e-02
5007.536257 7.705946e-02
5012.536434 7.626182e-02
5017.536206 7.547577e-02
5022.536488 7.468835e-02
5027.536304 7.389526e-02
5032.536571 7.310186e-02
5037.536787 7.232693e-02
5042.536445 7.160002e-02
5047.536468 7.089689e-02
5052.536349 7.014578e-02
5057.536538 6.942315e-02
5062.536527 6.894608e-02
5067.536767 6.870756e-02
5072.536747 6.847766e-02
5077.536920 6.819329e-02
5082.536774 6.796075e-02
5087.536763 6.772165e-02
5092.536859 6.725486e-02
5097.536546 6.655143e-02
5102.537259 6.581676e-02
5107.537015 6.513826e-02
5112.536763 6.447683e-02
5117.537456 6.381144e-02
5122.537100 6.314453e-02
5127.537635 6.247517e-02
5132.537060 6.179897e-02
5137.537321 6.113152e-02
5142.537402 6.051010e-02
5147.537274 6.001370e-02
5152.536906 5.975520e-02
5157.537268 5.969371e-02
5162.537336 5.963916e-02
5167.537078 5.954001e-02
5172.537470 5.948348e-02
5177.537480 5.941214e-02
5182.537583 5.912656e-02
5187.537246 5.862551e-02
5192.537957 5.810663e-02
5197.537666 5.764293e-02
5202.537862 5.717580e-02
5207.538013 5.668724e-02
5212.537580 5.620474e-02
5217.537554 5.573619e-02
5222.537909 5.526793e-02
5227.538108 5.478933e-02
5232.538122 5.429539e-02
5237.537922 5.382074e-02
5242.537996 5.343614e-02
5247.538318 5.313232e-02
5252.538344 5.282196e-02
5257.538563 5.249699e-02
5262.538431 5.222600e-02
5267.538438 5.193866e-02
5272.538558 5.143160e-02
5277.538765 5.071238e-02
5282.538509 4.999829e-02
5287.538284 4.934438e-02
5292.538065 4.864169e-02
5297.538350 4.794243e-02
5302.538589 4.745801e-02
5307.538753 4.718991e-02
5312.538817 4.692934e-02
5317.538752 4.661949e-02
5322.538532 4.635803e-02
5327.538662 4.609015e-02
5332.538583 4.561163e-02
5337.538803 4.494509e-02
5342.538761 4.433798e-02
5347.538966 4.384437e-02
5352.538855 4.332244e-02
5357.538939 4.279833e-02
5362.538654 4.246631e-02
5367.539052 4.232980e-02
5372.539027 4.219993e-02
5377.539095 4.202554e-02
5382.538685 4.189544e-02
5387.538859 4.175929e-02
5392.539048 4.142990e-02
5397.539227 4.091017e-02
5402.539369 4.039285e-02
5407.539449 3.992726e-02
5412.539440 3.941721e-02
5417.539316 3.890855e-02
5422.539051 3.858757e-02
5427.539725 3.845844e-02
5432.539655 3.834242e-02
5437.539922 3.818026e-02
5442.539389 3.803812e-02
5447.539699 3.793353e-02
5452.539715 3.783071e-02
5457.539409 3.771169e-02
5462.539874 3.757941e-02
5467.539969 3.745593e-02
5472.539664 3.737718e-02
5477.540060 3.728003e-02
5482.540007 3.700856e-02
5487.540041 3.656588e-02
5492.540140 3.611324e-02
5497.540279 3.569715e-02
5502.540431 3.524769e-02
5507.540005 3.481010e-02
5512.540111 3.454315e-02
5517.540158 3.444896e-02
5522.540120 3.437216e-02
5527.540545 3.425159e-02
5532.540262 3.412617e-02
5537.539819 3.401259e-02
5542.540343 3.390085e-02
5547.540660 3.378018e-02
5552.540743 3.364142e-02
5557.540568 3.350445e-02
5562.540689 3.341373e-02
5567.540502 3.331239e-02
5572.540564 3.304784e-02
5577.540268 3.262062e-02
5582.540758 3.218393e-02
5587.540842 3.178249e-02
5592.540493 3.135065e-02
5597.540862 3.093221e-02
5602.540750 3.067854e-02
5607.541310 3.058696e-02
5612.540749 3.050108e-02
5617.540814 3.037807e-02
5622.540891 3.029047e-02
5627.540957 3.019820e-02
5632.540986 2.994979e-02
5637.540956 2.953796e-02
5642.540842 2.910032e-02
5647.541220 2.867900e-02
5652.540868 2.821883e-02
5657.540961 2.776741e-02
5662.541478 2.747302e-02
5667.541191 2.733833e-02
5672.541281 2.721987e-02
5677.541122 2.706085e-02
5682.541294 2.689674e-02
5687.541170 2.674379e-02
5692.541332 2.659497e-02
5697.541759 2.644206e-02
5702.541819 2.627764e-02
5707.542099 2.611590e-02
5712.541962 2.598911e-02
5717.541999 2.584875e-02
5722.542187 2.557020e-02
5727.541887 2.515155e-02
5732.541692 2.471411e-02
5737.542197 2.431297e-02
5742.542145 2.393379e-02
5747.542129 2.361234e-02
5752.542128 2.343317e-02
5757.542119 2.338082e-02
5762.542079 2.334079e-02
5767.541986 2.326895e-02
5772.542441 2.319503e-02
5777.542172 2.312918e-02
5782.541780 2.305922e-02
5787.541872 2.298331e-02
5792.542427 2.291061e-02
5797.542793 2.284375e-02
5802.542317 2.277837e-02
5807.542236 2.271208e-02
5812.541897 2.264479e-02
5817.541912 2.257811e-02
5822.542260 2.251487e-02
5827.542283 2.245023e-02
5832.542596 2.237282e-02
5837.542538 2.230049e-02
5842.542727 2.227629e-02
5847.542499 2.224404e-02
5852.542473 2.205325e-02
5857.542630 2.169113e-02
5862.542302 2.128565e-02
5867.542757 2.094265e-02
5872.542684 2.073569e-02
5877.542705 2.064653e-02
5882.543450 2.056939e-02
5887.543599 2.046264e-02
5892.543126 2.035198e-02
5897.543314 2.024967e-02
5902.542835 2.015150e-02
5907.542976 2.005123e-02
5912.543061 1.994216e-02
5917.543068 1.983695e-02
5922.542977 1.976439e-02
5927.543423 1.967894e-02
5932.543068 1.946526e-02
5937.543871 1.912893e-02
5942.543829 1.879535e-02
5947.543578 1.849597e-02
5952.543763 1.816726e-02
5957.543698 1.784028e-02
5962.544028 1.763972e-02
5967.543397 1.756837e-02
5972.543787 1.750625e-02
5977.543842 1.740787e-02
5982.543538 1.730664e-02
5987.544199 1.721480e-02
5992.543785 1.712063e-02
5997.543623 1.702528e-02
6002.543691 1.694327e-02
6007.543970 1.687558e-02
6012.544440 1.680933e-02
6017.543721 1.673944e-02
6022.544512 1.666914e-02
6027.544070 1.659982e-02
6032.543734 1.653075e-02
6037.544170 1.646137e-02
6042.544674 1.639141e-02
6047.544540 1.632174e-02
6052.544432 1.625410e-02
6057.544329 1.618565e-02
6062.544212 1.610962e-02
6067.544058 1.603660e-02
6072.544541 1.599182e-02
6077.544950 1.593586e-02
6082.544568 1.576857e-02
6087.544068 1.549458e-02
6092.544823 1.522244e-02
6097.544025 1.497968e-02
6102.544445 1.471195e-02
6107.544668 1.444507e-02
6112.544671 1.428420e-02
6117.544434 1.423302e-02
6122.545344 1.419285e-02
6127.544565 1.412487e-02
6132.544894 1.405394e-02
6137.544903 1.399045e-02
6142.544568 1.392776e-02
6147.545289 1.386308e-02
6152.545629 1.379818e-02
6157.545565 1.373381e-02
6162.545077 1.366950e-02
6167.544856 1.360506e-02
6172.544884 1.354059e-02
6177.545143 1.347617e-02
6182.544896 1.341175e-02
6187.545559 1.334731e-02
6192.544956 1.328289e-02
6197.545226 1.321846e-02
6202.544908 1.315401e-02
6207.545426 1.308956e-02
6212.545317 1.302524e-02
6217.546009 1.296087e-02
6222.546033 1.289606e-02
6227.545365 1.283142e-02
6232.545443 1.276841e-02
6237.546249 1.270475e-02
6242.546306 1.263504e-02
6247.545589 1.256773e-02
6252.545544 1.252303e-02
6257.546156 1.246937e-02
6262.545935 1.232646e-02
6267.545595 1.209578e-02
6272.545856 1.186032e-02
6277.545962 1.164448e-02
6282.545892 1.141313e-02
6287.546369 1.118934e-02
6292.545890 1.105348e-02
6297.545920 1.100496e-02
6302.545697 1.096201e-02
6307.545949 1.089455e-02
6312.546657 1.082709e-02
6317.546307 1.076880e-02
6322.546377 1.071141e-02
6327.546848 1.065164e-02
6332.546199 1.059180e-02
6337.546668 1.053254e-02
6342.546730 1.047256e-02
6347.546366 1.041272e-02
6352.547069 1.035589e-02
6357.546550 1.030128e-02
6362.546304 1.024451e-02
6367.546314 1.018465e-02
6372.546563 1.012438e-02
6377.546651 1.006494e-02
6382.546559 1.000594e-02
6387.546651 9.946587e-03
6392.546526 9.885879e-03
6397.546933 9.825754e-03
6402.546701 9.770891e-03
6407.546965 9.721269e-03
6412.547324 9.672171e-03
6417.547372 9.621748e-03
6422.547478 9.571182e-03
6427.547235 9.520970e-03
6432.547401 9.470806e-03
6437.547570 9.420541e-03
6442.547724 9.370239e-03
6447.547845 9.319971e-03
6452.547523 9.269807e-03
6457.547131 9.219597e-03
6462.547434 9.169036e-03
6467.547238 9.118615e-03
6472.547311 9.069496e-03
6477.547242 9.019862e-03
6482.547407 8.965362e-03
6487.547393 8.912786e-03
6492.547974 8.878369e-03
6497.547549 8.836769e-03
6502.547683 8.723573e-03
6507.547566 8.541550e-03
6512.547976 8.360152e-03
6517.548100 8.198447e-03
6522.547918 8.024261e-03
6527.548211 7.852432e-03
6532.548164 7.744463e-03
6537.548558 7.702617e-03
6542.548575 7.669383e-03
6547.548196 7.621439e-03
6552.547804 7.571929e-03
6557.547785 7.526381e-03
6562.547719 7.481255e-03
6567.547994 7.435067e-03
6572.548188 7.388767e-03
6577.548284 7.342751e-03
6582.548262 7.296766e-03
6587.548107 7.250704e-03
6592.548207 7.204634e-03
6597.548546 7.158584e-03
6602.548290 7.112536e-03
6607.548649 7.066483e-03
6612.548787 7.020429e-03
6617.548685 6.974377e-03
6622.548738 6.928325e-03
6627.548929 6.882273e-03
6632.548828 6.836218e-03
6637.548830 6.790162e-03
6642.548920 6.744114e-03
6647.548250 6.698062e-03
6652.548462 6.652010e-03
6657.548711 6.605957e-03
6662.548980 6.559904e-03
6667.548834 6.513851e-03
6672.548674 6.467797e-03
6677.548901 6.421744e-03
6682.549079 6.375692e-03
6687.549193 6.329639e-03
6692.549225 6.283586e-03
6697.549158 6.237532e-03
6702.549397 6.191480e-03
6707.549503 6.145428e-03
6712.549460 6.099373e-03
6717.549250 6.053318e-03
6722.549704 6.007273e-03
6727.549958 5.961226e-03
6732.549571 5.915140e-03
6737.549800 5.869068e-03
6742.549351 5.823142e-03
6747.549488 5.777151e-03
6752.549768 5.730640e-03
6757.549747 5.684338e-03
6762.549407 5.640068e-03
6767.549590 5.596992e-03
6772.549851 5.551662e-03
6777.549742 5.502921e-03
6782.549679 5.452190e-03
6787.550077 5.404938e-03
6792.550056 5.369477e-03
6797.550464 5.328859e-03
6802.550420 5.242611e-03
6807.549903 5.112967e-03
6812.550205 4.984320e-03
6817.550438 4.865016e-03
6822.550587 4.727852e-03
6827.550635 4.599229e-03
6832.550127 4.557214e-03
6837.549923 4.599802e-03
6842.550007 4.645292e-03
6847.550365 4.670985e-03
6852.550101 4.714109e-03
6857.550078 4.753035e-03
6862.550282 4.708149e-03
6867.550698 4.579782e-03
6872.550424 4.448368e-03
6877.550773 4.340004e-03
6882.550842 4.224507e-03
6887.550614 4.107004e-03
6892.550965 4.028689e-03
6897.550541 3.991813e-03
6902.551112 3.959097e-03
6907.550875 3.915865e-03
6912.551156 3.871517e-03
6917.551493 3.829988e-03
6922.551419 3.788758e-03
6927.551369 3.746772e-03
6932.551327 3.704704e-03
6937.550825 3.662843e-03
6942.550750 3.621001e-03
6947.551090 3.579105e-03
6952.550921 3.537200e-03
6957.550682 3.495311e-03
6962.551267 3.453438e-03
6967.550840 3.411555e-03
6972.551207 3.369619e-03
6977.551443 3.327704e-03
6982.551531 3.285988e-03
6987.551454 3.244193e-03
6992.551198 3.201660e-03
6997.551665 3.159418e-03
7002.551922 3.120174e-03
7007.551953 3.085806e-03
7012.551742 3.057196e-03
7017.552197 3.032808e-03
7022.551917 3.008837e-03
7027.551810 2.983819e-03
7032.551862 2.958685e-03
7037.551594 2.933833e-03
7042.551920 2.909011e-03
7047.551429 2.884114e-03
7052.551502 2.859208e-03
7057.552129 2.834323e-03
7062.551890 2.809440e-03
7067.552173 2.784552e-03
7072.552028 2.759662e-03
7077.552377 2.734775e-03
7082.552265 2.709887e-03
7087.552620 2.685000e-03
7092.552483 2.660112e-03
7097.552783 2.635224e-03
7102.552560 2.610336e-03
7107.552745 2.585449e-03
7112.552851 2.560561e-03
7117.552861 2.535673e-03
7122.552285 2.510784e-03
7127.552059 2.485899e-03
7132.552170 2.461010e-03
7137.552127 2.436121e-03
7142.552391 2.411234e-03
7147.552472 2.386348e-03
7152.552833 2.361458e-03
7157.552980 2.336569e-03
7162.552897 2.311687e-03
7167.553051 2.286803e-03
7172.552946 2.261894e-03
7177.553048 2.236994e-03
7182.553346 2.212188e-03
7187.553340 2.187344e-03
7192.553499 2.162152e-03
7197.553323 2.137098e-03
7202.553285 2.113349e-03
7207.553369 2.089082e-03
7212.553561 2.059938e-03
7217.552871 2.032730e-03
7222.553238 2.024749e-03
7227.553181 2.035291e-03
7232.553175 2.045767e-03
7237.553206 2.050952e-03
7242.553260 2.059219e-03
7247.553322 2.066223e-03
7252.553379 2.055040e-03
7257.553416 2.025440e-03
7262.553418 1.993993e-03
7267.553867 1.967212e-03
7272.553758 1.940926e-03
7277.553571 1.913390e-03
7282.553790 1.885722e-03
7287.553903 1.858388e-03
7292.553896 1.831090e-03
7297.553754 1.803702e-03
7302.553964 1.776305e-03
7307.554011 1.748932e-03
7312.554383 1.721560e-03
7317.553558 1.694184e-03
7322.553532 1.666805e-03
7327.553789 1.639429e-03
7332.553812 1.612053e-03
7337.554092 1.584676e-03
7342.554109 1.557300e-03
7347.553848 1.529923e-03
7352.554309 1.502546e-03
7357.554466 1.475170e-03
7362.554302 1.447794e-03
7367.554312 1.420419e-03
7372.554484 1.393040e-03
7377.554803 1.365662e-03
7382.554234 1.338296e-03
7387.554808 1.310925e-03
7392.554977 1.283510e-03
7397.555240 1.256112e-03
7402.555068 1.228880e-03
7407.554446 1.201584e-03
7412.554391 1.173664e-03
7417.554374 1.145991e-03
7422.554381 1.120640e-03
7427.554400 1.094369e-03
7432.554417 1.058953e-03
7437.554937 1.014850e-03
7442.554909 9.711373e-04
7447.555359 9.304698e-04
7452.555231 8.889491e-04
7457.555555 8.483767e-04
7462.555273 8.162103e-04
7467.555416 7.923539e-04
7472.554923 7.691305e-04
7477.555355 7.438773e-04
7482.555123 7.191526e-04
7487.555792 6.946955e-04
7492.555769 6.674916e-04
7497.556095 6.412468e-04
7502.555700 6.260472e-04
7507.555098 6.214012e-04
7512.554804 6.163616e-04
7517.555336 6.091901e-04
7522.555091 6.075135e-04
7527.555116 6.121460e-04
7532.555400 6.168722e-04
7537.555929 6.198686e-04
7542.555624 6.238359e-04
7547.555537 6.275112e-04
7552.555656 6.256927e-04
7557.555969 6.182779e-04
7562.555927 6.103020e-04
7567.556052 6.037444e-04
7572.555794 5.973370e-04
7577.556217 5.905496e-04
7582.556229 5.837220e-04
7587.556358 5.769962e-04
7592.556049 5.702810e-04
7597.556371 5.635382e-04
7602.556229 5.567933e-04
7607.556150 5.500554e-04
7612.555579 5.433195e-04
7617.556135 5.365810e-04
7622.555627 5.298372e-04
7627.556223 5.230960e-04
7632.556273 5.163743e-04
7637.556311 5.096447e-04
7642.556871 5.028422e-04
7647.556295 4.960686e-04
7652.556766 4.895675e-04
7657.556623 4.829585e-04
7662.556401 4.753326e-04
7667.556641 4.681092e-04
7672.556778 4.648947e-04
7677.556799 4.655333e-04
7682.556691 4.661323e-04
7687.557551 4.655904e-04
7692.557146 4.656458e-04
7697.557129 4.654132e-04
7702.556931 4.614110e-04
7707.556538 4.535996e-04
7712.557055 4.454065e-04
7717.556795 4.381783e-04
7722.556861 4.310524e-04
7727.556682 4.236679e-04
7732.556806 4.162560e-04
7737.557221 4.089134e-04
7742.557353 4.015782e-04
7747.557189 3.942244e-04
7752.557278 3.868684e-04
7757.557610 3.795175e-04
7762.557607 3.721679e-04
7767.557821 3.648166e-04
7772.557675 3.574624e-04
7777.557722 3.501097e-04
7782.557950 3.427675e-04
7787.557778 3.354206e-04
7792.557763 3.280343e-04
7797.557322 3.206635e-04
7802.557012 3.134448e-04
7807.557395 3.061657e-04
7812.557313 2.983194e-04
7817.557901 2.906976e-04
7822.558000 2.853113e-04
7827.557595 2.820489e-04
7832.557825 2.786905e-04
7837.557526 2.745856e-04
7842.557839 2.706837e-04
7847.557597 2.665503e-04
7852.557944 0.000000e+00
7857.557712 0.000000e+00
7862.558045 0.000000e+00
7867.558354 0.000000e+00
7872.558625 0.000000e+00
7877.558847 0.000000e+00
7882.559007 0.000000e+00
7887.558509 0.000000e+00
7892.558508 0.000000e+00
7897.557823 0.000000e+00
7902.558197 0.000000e+00
7907.558449 0.000000e+00
7912.558567 0.000000e+00
7917.558537 0.000000e+00
7922.558347 0.000000e+00
7927.558575 0.000000e+00
7932.558619 0.000000e+00
7937.558468 0.000000e+00
7942.558699 0.000000e+00
7947.558711 0.000000e+00
7952.559083 0.000000e+00
7957.559212 0.000000e+00
7962.559679 0.000000e+00
7967.559281 0.000000e+00
7972.559198 0.000000e+00
7977.559419 0.000000e+00
7982.558735 0.000000e+00
7987.558931 0.000000e+00
7992.558796 0.000000e+00
7997.558919 0.000000e+00
8002.558687 0.000000e+00
