3920.00 0.00057
3925.00 0.00113
3930.00 0.00235
3935.00 0.00518
3940.00 0.01169
3945.00 0.02438
3950.00 0.04379
3955.00 0.06418
3960.00 0.08173
3965.00 0.0935
3970.00 0.10011
3975.00 0.10587
3980.00 0.11576
3985.00 0.13233
3990.00 0.15583
3995.00 0.18445
4000.00 0.21536
4005.00 0.2461
4010.00 0.27324
4015.00 0.29416
4020.00 0.30925
4025.00 0.3203
4030.00 0.32978
4035.00 0.33986
4040.00 0.35208
4045.00 0.36714
4050.00 0.38493
4055.00 0.40452
4060.00 0.42521
4065.00 0.44614
4070.00 0.4664
4075.00 0.4847
4080.00 0.50028
4085.00 0.51297
4090.00 0.52243
4095.00 0.52954
4100.00 0.53521
4105.00 0.53946
4110.00 0.54325
4115.00 0.54693
4120.00 0.55135
4125.00 0.55598
4130.00 0.56198
4135.00 0.5683
4140.00 0.57563
4145.00 0.58338
4150.00 0.59151
4155.00 0.60019
4160.00 0.60901
4165.00 0.61791
4170.00 0.62625
4175.00 0.63417
4180.00 0.6419
4185.00 0.6493
4190.00 0.65673
4195.00 0.66381
4200.00 0.67085
4205.00 0.67758
4210.00 0.68436
4215.00 0.69046
4220.00 0.69623
4225.00 0.70183
4230.00 0.70742
4235.00 0.71279
4240.00 0.71792
4245.00 0.72281
4250.00 0.72725
4255.00 0.73162
4260.00 0.73577
4265.00 0.73935
4270.00 0.74295
4275.00 0.74636
4280.00 0.74971
4285.00 0.75264
4290.00 0.75582
4295.00 0.75852
4300.00 0.76124
4305.00 0.76382
4310.00 0.76686
4315.00 0.76988
4320.00 0.77285
4325.00 0.77596
4330.00 0.77948
4335.00 0.78256
4340.00 0.78631
4345.00 0.79004
4350.00 0.79373
4355.00 0.7975
4360.00 0.80114
4365.00 0.80475
4370.00 0.80819
4375.00 0.81135
4380.00 0.81421
4385.00 0.81686
4390.00 0.81894
4395.00 0.82066
4400.00 0.82201
4405.00 0.8234
4410.00 0.8244
4415.00 0.82511
4420.00 0.82532
4425.00 0.82585
4430.00 0.8261
4435.00 0.82636
4440.00 0.82672
4445.00 0.82721
4450.00 0.82806
4455.00 0.82894
4460.00 0.83021
4465.00 0.83193
4470.00 0.83412
4475.00 0.83629
4480.00 0.83919
4485.00 0.84181
4490.00 0.84487
4495.00 0.84825
4500.00 0.85145
4505.00 0.85496
4510.00 0.85853
4515.00 0.86152
4520.00 0.86451
4525.00 0.86727
4530.00 0.86953
4535.00 0.87133
4540.00 0.87306
4545.00 0.87396
4550.00 0.87471
4555.00 0.87494
4560.00 0.87479
4565.00 0.87469
4570.00 0.87394
4575.00 0.87302
4580.00 0.87177
4585.00 0.871
4590.00 0.86986
4595.00 0.8686
4600.00 0.86768
4605.00 0.86673
4610.00 0.86644
4615.00 0.86599
4630.00 0.86561
4635.00 0.86629
4640.00 0.86721
4645.00 0.86845
4650.00 0.86979
4655.00 0.87147
4660.00 0.87374
4665.00 0.8757
4670.00 0.87773
4675.00 0.88033
4680.00 0.88314
4685.00 0.88626
4690.00 0.8887
4695.00 0.89145
4700.00 0.8943
4705.00 0.89707
4710.00 0.8998
4715.00 0.90237
4720.00 0.90467
4725.00 0.90658
4730.00 0.90828
4735.00 0.90947
4740.00 0.91071
4745.00 0.91163
4750.00 0.91179
4755.00 0.91157
4760.00 0.91071
4765.00 0.90946
4770.00 0.90754
4775.00 0.90521
4780.00 0.90221
4785.00 0.89875
4790.00 0.89492
4795.00 0.8904
4800.00 0.88573
4805.00 0.88027
4810.00 0.87486
4815.00 0.86943
4820.00 0.86454
4825.00 0.85979
4830.00 0.85502
4835.00 0.85046
4840.00 0.84634
4845.00 0.84285
4850.00 0.83995
4855.00 0.83811
4860.00 0.83743
4865.00 0.83725
4870.00 0.8384
4875.00 0.84038
4880.00 0.84393
4885.00 0.84846
4890.00 0.85323
4895.00 0.85877
4900.00 0.86432
4905.00 0.87006
4910.00 0.87493
4915.00 0.87936
4920.00 0.88177
4925.00 0.88264
4930.00 0.88102
4935.00 0.8764
4940.00 0.86867
4945.00 0.85799
4950.00 0.84525
4955.00 0.83031
4960.00 0.81374
4965.00 0.79607
4970.00 0.7784
4975.00 0.76214
4980.00 0.74789
4985.00 0.73725
4990.00 0.7307
4995.00 0.7292
5000.00 0.73371
5005.00 0.74525
5010.00 0.76432
5015.00 0.79027
5020.00 0.82021
5025.00 0.84892
5030.00 0.86563
5035.00 0.85864
5040.00 0.82104
5045.00 0.74874
5050.00 0.64374
5055.00 0.52016
5060.00 0.39611
5065.00 0.28802
5070.00 0.20436
5075.00 0.14347
5080.00 0.10171
5085.00 0.07265
5090.00 0.05231
5095.00 0.03817
5100.00 0.02804
5105.00 0.02091
5110.00 0.01591
5115.00 0.01221
5120.00 0.00949
5125.00 0.00743
5130.00 0.00588
5135.00 0.00471
5140.00 0.00376
5145.00 0.00305
5150.00 0.00249
5155.00 0.00203
5160.00 0.00168
5165.00 0.00139
5170.00 0.00115
5175.00 0.00097
5180.00 0.00081
5185.00 0.00069
5190.00 0.00058
